Slightly Above Pipette:
initial Joint pos [ 0.08392724  0.65863559  0.88282196 -1.44607387 -0.51607189  1.79360181
  1.7871763 ]
fk matrix    0.9993    0.01088  -0.03647   0.5081    
   0.008749 -0.9983   -0.05796   0.4531    
  -0.03704   0.05759  -0.9977    0.2933    
   0         0         0         1         

Origin rotation rpy [3.08392627 0.03704589 0.00875532]
Origin translation [0.50813253 0.45309242 0.29333612]


Pickup Pipette:
initial Joint pos [ 0.10665186  0.78125132  0.79928242 -1.56403597 -0.60438197  1.99854486
  1.83208292]
fk matrix    0.9987    0.01826  -0.04756   0.5072    
   0.01515  -0.9978   -0.06494   0.4497    
  -0.04864   0.06414  -0.9968    0.1723    
   0         0         0         1         

Origin rotation rpy [3.07733414 0.04865573 0.01516874]
Origin translation [0.50721267 0.44974984 0.17228899]


Pickup Device 1:
initial Joint pos [ 0.17615997  0.78776473  0.34810074 -1.88649316 -0.38730545  2.50600192
  1.55563209]
fk matrix    0.9953   -0.001501 -0.09645   0.5153    
  -0.003963 -0.9997   -0.02535   0.3037    
  -0.09638   0.02561  -0.995    -0.00511   
   0         0         0         1         

Origin rotation rpy [ 3.11585912  0.09652705 -0.00398202]
Origin translation [ 0.51531073  0.30373456 -0.00510984]

Device View pose: 
initial Joint pos [ 0.13221747  0.27428757  0.48116831 -2.17921678 -0.23556797  2.35521001
  1.5223894 ]
fk matrix    0.9991    0.03748  -0.0216    0.4515    
   0.03604  -0.9973   -0.06364   0.3079    
  -0.02392   0.0628   -0.9977    0.1691    
   0         0         0         1         

Origin rotation rpy [3.07873197 0.02392462 0.03605678]
Origin translation [0.45149469 0.30787636 0.16908954]

Right Above Device (xy match) prob not needed:
initial Joint pos [ 0.0973128   0.43224232  0.48596056 -1.92389406 -0.24285749  2.23150608
  1.47799659]
fk matrix    0.9982    0.01619  -0.05758   0.5185    
   0.01457  -0.9995   -0.02846   0.3176    
  -0.05801   0.02757  -0.9979    0.1796    
   0         0         0         1         

Origin rotation rpy [3.11397429 0.05804477 0.01459127]
Origin translation [0.51849745 0.31763884 0.17961931]

Placement of Device:
initial Joint pos [-0.37410682  0.66102567  0.4040733  -2.17860319 -0.58851263  2.65233596
  1.26067877]
fk matrix    0.9969    0.02784  -0.07298   0.5199    
   0.02664  -0.9995   -0.01729   0.04662   
  -0.07343   0.01529  -0.9972   -0.004476  
   0         0         0         1         

Origin rotation rpy [3.12626025 0.07349211 0.0267179 ]
Origin translation [ 0.51994441  0.04661575 -0.00447576]

Pipette over hole (dispensing):
initial Joint pos [-0.3653601   0.3733722   0.45411027 -2.20815074 -0.27371639  2.45975217
  1.07001568]
fk matrix    0.9978    0.003043 -0.06656   0.5356    
   0.002051 -0.9999   -0.01497   0.05044   
  -0.0666    0.0148   -0.9977    0.116     
   0         0         0         1         

Origin rotation rpy [3.12676395e+00 6.66506372e-02 2.05569945e-03]
Origin translation [0.53560231 0.05044304 0.11600472]

Pipette over hole (slightly above and viewing device):
initial Joint pos [-0.37043424 -0.08761348  0.47809342 -2.3003573   0.02309141  2.14407715
  0.86385094]
fk matrix    0.997     0.01383  -0.0756    0.4815    
   0.01167  -0.9995   -0.02891   0.05174   
  -0.07596   0.02794  -0.9967    0.2704    
   0         0         0         1         

Origin rotation rpy [3.11356345 0.07603184 0.01170821]
Origin translation [0.48150548 0.05173953 0.27043743]
